{
 "cells": [
  {
   "cell_type": "code",
   "execution_count": 1,
   "id": "b58c22ac-2494-4939-8a2f-77a9d68ef119",
   "metadata": {},
   "outputs": [],
   "source": [
    "import pandas as pd\n",
    "import datetime as dt"
   ]
  },
  {
   "cell_type": "code",
   "execution_count": 2,
   "id": "97572d36-7107-48b8-96ea-443a4f898791",
   "metadata": {},
   "outputs": [
    {
     "data": {
      "text/html": [
       "<div>\n",
       "<style scoped>\n",
       "    .dataframe tbody tr th:only-of-type {\n",
       "        vertical-align: middle;\n",
       "    }\n",
       "\n",
       "    .dataframe tbody tr th {\n",
       "        vertical-align: top;\n",
       "    }\n",
       "\n",
       "    .dataframe thead th {\n",
       "        text-align: right;\n",
       "    }\n",
       "</style>\n",
       "<table border=\"1\" class=\"dataframe\">\n",
       "  <thead>\n",
       "    <tr style=\"text-align: right;\">\n",
       "      <th></th>\n",
       "      <th>Date</th>\n",
       "      <th>Open</th>\n",
       "      <th>High</th>\n",
       "      <th>Low</th>\n",
       "      <th>Close</th>\n",
       "      <th>Adj Close</th>\n",
       "      <th>Volume</th>\n",
       "    </tr>\n",
       "  </thead>\n",
       "  <tbody>\n",
       "    <tr>\n",
       "      <th>0</th>\n",
       "      <td>2019-03-15</td>\n",
       "      <td>101.800003</td>\n",
       "      <td>106.133331</td>\n",
       "      <td>100.466667</td>\n",
       "      <td>104.900002</td>\n",
       "      <td>72.482040</td>\n",
       "      <td>44451336</td>\n",
       "    </tr>\n",
       "    <tr>\n",
       "      <th>1</th>\n",
       "      <td>2019-03-18</td>\n",
       "      <td>106.633331</td>\n",
       "      <td>110.800003</td>\n",
       "      <td>105.233330</td>\n",
       "      <td>108.533333</td>\n",
       "      <td>74.992538</td>\n",
       "      <td>62223189</td>\n",
       "    </tr>\n",
       "    <tr>\n",
       "      <th>2</th>\n",
       "      <td>2019-03-19</td>\n",
       "      <td>110.666664</td>\n",
       "      <td>110.666664</td>\n",
       "      <td>107.833336</td>\n",
       "      <td>108.466667</td>\n",
       "      <td>74.946480</td>\n",
       "      <td>45605748</td>\n",
       "    </tr>\n",
       "    <tr>\n",
       "      <th>3</th>\n",
       "      <td>2019-03-20</td>\n",
       "      <td>108.500000</td>\n",
       "      <td>108.500000</td>\n",
       "      <td>103.800003</td>\n",
       "      <td>106.000000</td>\n",
       "      <td>73.242081</td>\n",
       "      <td>54100771</td>\n",
       "    </tr>\n",
       "    <tr>\n",
       "      <th>4</th>\n",
       "      <td>2019-03-22</td>\n",
       "      <td>105.866669</td>\n",
       "      <td>107.500000</td>\n",
       "      <td>103.400002</td>\n",
       "      <td>104.699997</td>\n",
       "      <td>72.343842</td>\n",
       "      <td>46517671</td>\n",
       "    </tr>\n",
       "    <tr>\n",
       "      <th>...</th>\n",
       "      <td>...</td>\n",
       "      <td>...</td>\n",
       "      <td>...</td>\n",
       "      <td>...</td>\n",
       "      <td>...</td>\n",
       "      <td>...</td>\n",
       "      <td>...</td>\n",
       "    </tr>\n",
       "    <tr>\n",
       "      <th>1231</th>\n",
       "      <td>2024-03-11</td>\n",
       "      <td>173.949997</td>\n",
       "      <td>177.500000</td>\n",
       "      <td>172.100006</td>\n",
       "      <td>174.250000</td>\n",
       "      <td>174.250000</td>\n",
       "      <td>22843402</td>\n",
       "    </tr>\n",
       "    <tr>\n",
       "      <th>1232</th>\n",
       "      <td>2024-03-12</td>\n",
       "      <td>175.000000</td>\n",
       "      <td>175.899994</td>\n",
       "      <td>171.449997</td>\n",
       "      <td>172.899994</td>\n",
       "      <td>172.899994</td>\n",
       "      <td>20208400</td>\n",
       "    </tr>\n",
       "    <tr>\n",
       "      <th>1233</th>\n",
       "      <td>2024-03-13</td>\n",
       "      <td>173.000000</td>\n",
       "      <td>173.899994</td>\n",
       "      <td>161.750000</td>\n",
       "      <td>163.350006</td>\n",
       "      <td>163.350006</td>\n",
       "      <td>26725350</td>\n",
       "    </tr>\n",
       "    <tr>\n",
       "      <th>1234</th>\n",
       "      <td>2024-03-14</td>\n",
       "      <td>161.250000</td>\n",
       "      <td>171.399994</td>\n",
       "      <td>160.600006</td>\n",
       "      <td>170.350006</td>\n",
       "      <td>170.350006</td>\n",
       "      <td>25912125</td>\n",
       "    </tr>\n",
       "    <tr>\n",
       "      <th>1235</th>\n",
       "      <td>2024-03-15</td>\n",
       "      <td>166.000000</td>\n",
       "      <td>168.699997</td>\n",
       "      <td>153.600006</td>\n",
       "      <td>161.000000</td>\n",
       "      <td>161.000000</td>\n",
       "      <td>108719847</td>\n",
       "    </tr>\n",
       "  </tbody>\n",
       "</table>\n",
       "<p>1236 rows × 7 columns</p>\n",
       "</div>"
      ],
      "text/plain": [
       "            Date        Open        High         Low       Close   Adj Close  \\\n",
       "0     2019-03-15  101.800003  106.133331  100.466667  104.900002   72.482040   \n",
       "1     2019-03-18  106.633331  110.800003  105.233330  108.533333   74.992538   \n",
       "2     2019-03-19  110.666664  110.666664  107.833336  108.466667   74.946480   \n",
       "3     2019-03-20  108.500000  108.500000  103.800003  106.000000   73.242081   \n",
       "4     2019-03-22  105.866669  107.500000  103.400002  104.699997   72.343842   \n",
       "...          ...         ...         ...         ...         ...         ...   \n",
       "1231  2024-03-11  173.949997  177.500000  172.100006  174.250000  174.250000   \n",
       "1232  2024-03-12  175.000000  175.899994  171.449997  172.899994  172.899994   \n",
       "1233  2024-03-13  173.000000  173.899994  161.750000  163.350006  163.350006   \n",
       "1234  2024-03-14  161.250000  171.399994  160.600006  170.350006  170.350006   \n",
       "1235  2024-03-15  166.000000  168.699997  153.600006  161.000000  161.000000   \n",
       "\n",
       "         Volume  \n",
       "0      44451336  \n",
       "1      62223189  \n",
       "2      45605748  \n",
       "3      54100771  \n",
       "4      46517671  \n",
       "...         ...  \n",
       "1231   22843402  \n",
       "1232   20208400  \n",
       "1233   26725350  \n",
       "1234   25912125  \n",
       "1235  108719847  \n",
       "\n",
       "[1236 rows x 7 columns]"
      ]
     },
     "execution_count": 2,
     "metadata": {},
     "output_type": "execute_result"
    }
   ],
   "source": [
    "df = pd.read_csv(\"IOC.NS.csv\")\n",
    "df"
   ]
  },
  {
   "cell_type": "code",
   "execution_count": 5,
   "id": "b4eee083-a311-4ef8-82f4-82646e20ff66",
   "metadata": {},
   "outputs": [
    {
     "data": {
      "text/html": [
       "<div>\n",
       "<style scoped>\n",
       "    .dataframe tbody tr th:only-of-type {\n",
       "        vertical-align: middle;\n",
       "    }\n",
       "\n",
       "    .dataframe tbody tr th {\n",
       "        vertical-align: top;\n",
       "    }\n",
       "\n",
       "    .dataframe thead th {\n",
       "        text-align: right;\n",
       "    }\n",
       "</style>\n",
       "<table border=\"1\" class=\"dataframe\">\n",
       "  <thead>\n",
       "    <tr style=\"text-align: right;\">\n",
       "      <th></th>\n",
       "      <th>Date</th>\n",
       "      <th>Open</th>\n",
       "      <th>High</th>\n",
       "      <th>Low</th>\n",
       "      <th>Close</th>\n",
       "      <th>Adj Close</th>\n",
       "      <th>Volume</th>\n",
       "    </tr>\n",
       "  </thead>\n",
       "  <tbody>\n",
       "    <tr>\n",
       "      <th>1235</th>\n",
       "      <td>2024-03-15</td>\n",
       "      <td>166.000000</td>\n",
       "      <td>168.699997</td>\n",
       "      <td>153.600006</td>\n",
       "      <td>161.000000</td>\n",
       "      <td>161.000000</td>\n",
       "      <td>108719847</td>\n",
       "    </tr>\n",
       "    <tr>\n",
       "      <th>1234</th>\n",
       "      <td>2024-03-14</td>\n",
       "      <td>161.250000</td>\n",
       "      <td>171.399994</td>\n",
       "      <td>160.600006</td>\n",
       "      <td>170.350006</td>\n",
       "      <td>170.350006</td>\n",
       "      <td>25912125</td>\n",
       "    </tr>\n",
       "    <tr>\n",
       "      <th>1233</th>\n",
       "      <td>2024-03-13</td>\n",
       "      <td>173.000000</td>\n",
       "      <td>173.899994</td>\n",
       "      <td>161.750000</td>\n",
       "      <td>163.350006</td>\n",
       "      <td>163.350006</td>\n",
       "      <td>26725350</td>\n",
       "    </tr>\n",
       "    <tr>\n",
       "      <th>1232</th>\n",
       "      <td>2024-03-12</td>\n",
       "      <td>175.000000</td>\n",
       "      <td>175.899994</td>\n",
       "      <td>171.449997</td>\n",
       "      <td>172.899994</td>\n",
       "      <td>172.899994</td>\n",
       "      <td>20208400</td>\n",
       "    </tr>\n",
       "    <tr>\n",
       "      <th>1231</th>\n",
       "      <td>2024-03-11</td>\n",
       "      <td>173.949997</td>\n",
       "      <td>177.500000</td>\n",
       "      <td>172.100006</td>\n",
       "      <td>174.250000</td>\n",
       "      <td>174.250000</td>\n",
       "      <td>22843402</td>\n",
       "    </tr>\n",
       "    <tr>\n",
       "      <th>...</th>\n",
       "      <td>...</td>\n",
       "      <td>...</td>\n",
       "      <td>...</td>\n",
       "      <td>...</td>\n",
       "      <td>...</td>\n",
       "      <td>...</td>\n",
       "      <td>...</td>\n",
       "    </tr>\n",
       "    <tr>\n",
       "      <th>4</th>\n",
       "      <td>2019-03-22</td>\n",
       "      <td>105.866669</td>\n",
       "      <td>107.500000</td>\n",
       "      <td>103.400002</td>\n",
       "      <td>104.699997</td>\n",
       "      <td>72.343842</td>\n",
       "      <td>46517671</td>\n",
       "    </tr>\n",
       "    <tr>\n",
       "      <th>3</th>\n",
       "      <td>2019-03-20</td>\n",
       "      <td>108.500000</td>\n",
       "      <td>108.500000</td>\n",
       "      <td>103.800003</td>\n",
       "      <td>106.000000</td>\n",
       "      <td>73.242081</td>\n",
       "      <td>54100771</td>\n",
       "    </tr>\n",
       "    <tr>\n",
       "      <th>2</th>\n",
       "      <td>2019-03-19</td>\n",
       "      <td>110.666664</td>\n",
       "      <td>110.666664</td>\n",
       "      <td>107.833336</td>\n",
       "      <td>108.466667</td>\n",
       "      <td>74.946480</td>\n",
       "      <td>45605748</td>\n",
       "    </tr>\n",
       "    <tr>\n",
       "      <th>1</th>\n",
       "      <td>2019-03-18</td>\n",
       "      <td>106.633331</td>\n",
       "      <td>110.800003</td>\n",
       "      <td>105.233330</td>\n",
       "      <td>108.533333</td>\n",
       "      <td>74.992538</td>\n",
       "      <td>62223189</td>\n",
       "    </tr>\n",
       "    <tr>\n",
       "      <th>0</th>\n",
       "      <td>2019-03-15</td>\n",
       "      <td>101.800003</td>\n",
       "      <td>106.133331</td>\n",
       "      <td>100.466667</td>\n",
       "      <td>104.900002</td>\n",
       "      <td>72.482040</td>\n",
       "      <td>44451336</td>\n",
       "    </tr>\n",
       "  </tbody>\n",
       "</table>\n",
       "<p>1236 rows × 7 columns</p>\n",
       "</div>"
      ],
      "text/plain": [
       "            Date        Open        High         Low       Close   Adj Close  \\\n",
       "1235  2024-03-15  166.000000  168.699997  153.600006  161.000000  161.000000   \n",
       "1234  2024-03-14  161.250000  171.399994  160.600006  170.350006  170.350006   \n",
       "1233  2024-03-13  173.000000  173.899994  161.750000  163.350006  163.350006   \n",
       "1232  2024-03-12  175.000000  175.899994  171.449997  172.899994  172.899994   \n",
       "1231  2024-03-11  173.949997  177.500000  172.100006  174.250000  174.250000   \n",
       "...          ...         ...         ...         ...         ...         ...   \n",
       "4     2019-03-22  105.866669  107.500000  103.400002  104.699997   72.343842   \n",
       "3     2019-03-20  108.500000  108.500000  103.800003  106.000000   73.242081   \n",
       "2     2019-03-19  110.666664  110.666664  107.833336  108.466667   74.946480   \n",
       "1     2019-03-18  106.633331  110.800003  105.233330  108.533333   74.992538   \n",
       "0     2019-03-15  101.800003  106.133331  100.466667  104.900002   72.482040   \n",
       "\n",
       "         Volume  \n",
       "1235  108719847  \n",
       "1234   25912125  \n",
       "1233   26725350  \n",
       "1232   20208400  \n",
       "1231   22843402  \n",
       "...         ...  \n",
       "4      46517671  \n",
       "3      54100771  \n",
       "2      45605748  \n",
       "1      62223189  \n",
       "0      44451336  \n",
       "\n",
       "[1236 rows x 7 columns]"
      ]
     },
     "execution_count": 5,
     "metadata": {},
     "output_type": "execute_result"
    }
   ],
   "source": [
    "df.sort_values(by=\"Date\",ascending=False,inplace=True)\n",
    "df"
   ]
  },
  {
   "cell_type": "code",
   "execution_count": 6,
   "id": "dd227542-04d9-4d96-a459-d8f24ebf11d4",
   "metadata": {},
   "outputs": [
    {
     "name": "stdout",
     "output_type": "stream",
     "text": [
      "<class 'pandas.core.frame.DataFrame'>\n",
      "Int64Index: 1236 entries, 1235 to 0\n",
      "Data columns (total 7 columns):\n",
      " #   Column     Non-Null Count  Dtype  \n",
      "---  ------     --------------  -----  \n",
      " 0   Date       1236 non-null   object \n",
      " 1   Open       1236 non-null   float64\n",
      " 2   High       1236 non-null   float64\n",
      " 3   Low        1236 non-null   float64\n",
      " 4   Close      1236 non-null   float64\n",
      " 5   Adj Close  1236 non-null   float64\n",
      " 6   Volume     1236 non-null   int64  \n",
      "dtypes: float64(5), int64(1), object(1)\n",
      "memory usage: 77.2+ KB\n"
     ]
    }
   ],
   "source": [
    "df.info()"
   ]
  },
  {
   "cell_type": "code",
   "execution_count": 9,
   "id": "29408ea1-d820-49af-b821-13e2f031ac10",
   "metadata": {},
   "outputs": [],
   "source": [
    "df['Date'] = pd.to_datetime(df['Date'])\n",
    "\n",
    "# Extract date, month, year, and quarter\n",
    "df['Day'] = df['Date'].dt.date\n",
    "df['Month'] = df['Date'].dt.month\n",
    "df['Year'] = df['Date'].dt.year\n",
    "df['Quarter'] = df['Date'].dt.quarter"
   ]
  },
  {
   "cell_type": "code",
   "execution_count": 10,
   "id": "53c59ad7-3dab-45dc-876c-a0f7ce9ea626",
   "metadata": {},
   "outputs": [
    {
     "data": {
      "text/html": [
       "<div>\n",
       "<style scoped>\n",
       "    .dataframe tbody tr th:only-of-type {\n",
       "        vertical-align: middle;\n",
       "    }\n",
       "\n",
       "    .dataframe tbody tr th {\n",
       "        vertical-align: top;\n",
       "    }\n",
       "\n",
       "    .dataframe thead th {\n",
       "        text-align: right;\n",
       "    }\n",
       "</style>\n",
       "<table border=\"1\" class=\"dataframe\">\n",
       "  <thead>\n",
       "    <tr style=\"text-align: right;\">\n",
       "      <th></th>\n",
       "      <th>Date</th>\n",
       "      <th>Open</th>\n",
       "      <th>High</th>\n",
       "      <th>Low</th>\n",
       "      <th>Close</th>\n",
       "      <th>Adj Close</th>\n",
       "      <th>Volume</th>\n",
       "      <th>Day</th>\n",
       "      <th>Month</th>\n",
       "      <th>Year</th>\n",
       "      <th>Quarter</th>\n",
       "    </tr>\n",
       "  </thead>\n",
       "  <tbody>\n",
       "    <tr>\n",
       "      <th>1235</th>\n",
       "      <td>2024-03-15</td>\n",
       "      <td>166.000000</td>\n",
       "      <td>168.699997</td>\n",
       "      <td>153.600006</td>\n",
       "      <td>161.000000</td>\n",
       "      <td>161.000000</td>\n",
       "      <td>108719847</td>\n",
       "      <td>2024-03-15</td>\n",
       "      <td>3</td>\n",
       "      <td>2024</td>\n",
       "      <td>1</td>\n",
       "    </tr>\n",
       "    <tr>\n",
       "      <th>1234</th>\n",
       "      <td>2024-03-14</td>\n",
       "      <td>161.250000</td>\n",
       "      <td>171.399994</td>\n",
       "      <td>160.600006</td>\n",
       "      <td>170.350006</td>\n",
       "      <td>170.350006</td>\n",
       "      <td>25912125</td>\n",
       "      <td>2024-03-14</td>\n",
       "      <td>3</td>\n",
       "      <td>2024</td>\n",
       "      <td>1</td>\n",
       "    </tr>\n",
       "    <tr>\n",
       "      <th>1233</th>\n",
       "      <td>2024-03-13</td>\n",
       "      <td>173.000000</td>\n",
       "      <td>173.899994</td>\n",
       "      <td>161.750000</td>\n",
       "      <td>163.350006</td>\n",
       "      <td>163.350006</td>\n",
       "      <td>26725350</td>\n",
       "      <td>2024-03-13</td>\n",
       "      <td>3</td>\n",
       "      <td>2024</td>\n",
       "      <td>1</td>\n",
       "    </tr>\n",
       "    <tr>\n",
       "      <th>1232</th>\n",
       "      <td>2024-03-12</td>\n",
       "      <td>175.000000</td>\n",
       "      <td>175.899994</td>\n",
       "      <td>171.449997</td>\n",
       "      <td>172.899994</td>\n",
       "      <td>172.899994</td>\n",
       "      <td>20208400</td>\n",
       "      <td>2024-03-12</td>\n",
       "      <td>3</td>\n",
       "      <td>2024</td>\n",
       "      <td>1</td>\n",
       "    </tr>\n",
       "    <tr>\n",
       "      <th>1231</th>\n",
       "      <td>2024-03-11</td>\n",
       "      <td>173.949997</td>\n",
       "      <td>177.500000</td>\n",
       "      <td>172.100006</td>\n",
       "      <td>174.250000</td>\n",
       "      <td>174.250000</td>\n",
       "      <td>22843402</td>\n",
       "      <td>2024-03-11</td>\n",
       "      <td>3</td>\n",
       "      <td>2024</td>\n",
       "      <td>1</td>\n",
       "    </tr>\n",
       "    <tr>\n",
       "      <th>...</th>\n",
       "      <td>...</td>\n",
       "      <td>...</td>\n",
       "      <td>...</td>\n",
       "      <td>...</td>\n",
       "      <td>...</td>\n",
       "      <td>...</td>\n",
       "      <td>...</td>\n",
       "      <td>...</td>\n",
       "      <td>...</td>\n",
       "      <td>...</td>\n",
       "      <td>...</td>\n",
       "    </tr>\n",
       "    <tr>\n",
       "      <th>4</th>\n",
       "      <td>2019-03-22</td>\n",
       "      <td>105.866669</td>\n",
       "      <td>107.500000</td>\n",
       "      <td>103.400002</td>\n",
       "      <td>104.699997</td>\n",
       "      <td>72.343842</td>\n",
       "      <td>46517671</td>\n",
       "      <td>2019-03-22</td>\n",
       "      <td>3</td>\n",
       "      <td>2019</td>\n",
       "      <td>1</td>\n",
       "    </tr>\n",
       "    <tr>\n",
       "      <th>3</th>\n",
       "      <td>2019-03-20</td>\n",
       "      <td>108.500000</td>\n",
       "      <td>108.500000</td>\n",
       "      <td>103.800003</td>\n",
       "      <td>106.000000</td>\n",
       "      <td>73.242081</td>\n",
       "      <td>54100771</td>\n",
       "      <td>2019-03-20</td>\n",
       "      <td>3</td>\n",
       "      <td>2019</td>\n",
       "      <td>1</td>\n",
       "    </tr>\n",
       "    <tr>\n",
       "      <th>2</th>\n",
       "      <td>2019-03-19</td>\n",
       "      <td>110.666664</td>\n",
       "      <td>110.666664</td>\n",
       "      <td>107.833336</td>\n",
       "      <td>108.466667</td>\n",
       "      <td>74.946480</td>\n",
       "      <td>45605748</td>\n",
       "      <td>2019-03-19</td>\n",
       "      <td>3</td>\n",
       "      <td>2019</td>\n",
       "      <td>1</td>\n",
       "    </tr>\n",
       "    <tr>\n",
       "      <th>1</th>\n",
       "      <td>2019-03-18</td>\n",
       "      <td>106.633331</td>\n",
       "      <td>110.800003</td>\n",
       "      <td>105.233330</td>\n",
       "      <td>108.533333</td>\n",
       "      <td>74.992538</td>\n",
       "      <td>62223189</td>\n",
       "      <td>2019-03-18</td>\n",
       "      <td>3</td>\n",
       "      <td>2019</td>\n",
       "      <td>1</td>\n",
       "    </tr>\n",
       "    <tr>\n",
       "      <th>0</th>\n",
       "      <td>2019-03-15</td>\n",
       "      <td>101.800003</td>\n",
       "      <td>106.133331</td>\n",
       "      <td>100.466667</td>\n",
       "      <td>104.900002</td>\n",
       "      <td>72.482040</td>\n",
       "      <td>44451336</td>\n",
       "      <td>2019-03-15</td>\n",
       "      <td>3</td>\n",
       "      <td>2019</td>\n",
       "      <td>1</td>\n",
       "    </tr>\n",
       "  </tbody>\n",
       "</table>\n",
       "<p>1236 rows × 11 columns</p>\n",
       "</div>"
      ],
      "text/plain": [
       "           Date        Open        High         Low       Close   Adj Close  \\\n",
       "1235 2024-03-15  166.000000  168.699997  153.600006  161.000000  161.000000   \n",
       "1234 2024-03-14  161.250000  171.399994  160.600006  170.350006  170.350006   \n",
       "1233 2024-03-13  173.000000  173.899994  161.750000  163.350006  163.350006   \n",
       "1232 2024-03-12  175.000000  175.899994  171.449997  172.899994  172.899994   \n",
       "1231 2024-03-11  173.949997  177.500000  172.100006  174.250000  174.250000   \n",
       "...         ...         ...         ...         ...         ...         ...   \n",
       "4    2019-03-22  105.866669  107.500000  103.400002  104.699997   72.343842   \n",
       "3    2019-03-20  108.500000  108.500000  103.800003  106.000000   73.242081   \n",
       "2    2019-03-19  110.666664  110.666664  107.833336  108.466667   74.946480   \n",
       "1    2019-03-18  106.633331  110.800003  105.233330  108.533333   74.992538   \n",
       "0    2019-03-15  101.800003  106.133331  100.466667  104.900002   72.482040   \n",
       "\n",
       "         Volume         Day  Month  Year  Quarter  \n",
       "1235  108719847  2024-03-15      3  2024        1  \n",
       "1234   25912125  2024-03-14      3  2024        1  \n",
       "1233   26725350  2024-03-13      3  2024        1  \n",
       "1232   20208400  2024-03-12      3  2024        1  \n",
       "1231   22843402  2024-03-11      3  2024        1  \n",
       "...         ...         ...    ...   ...      ...  \n",
       "4      46517671  2019-03-22      3  2019        1  \n",
       "3      54100771  2019-03-20      3  2019        1  \n",
       "2      45605748  2019-03-19      3  2019        1  \n",
       "1      62223189  2019-03-18      3  2019        1  \n",
       "0      44451336  2019-03-15      3  2019        1  \n",
       "\n",
       "[1236 rows x 11 columns]"
      ]
     },
     "execution_count": 10,
     "metadata": {},
     "output_type": "execute_result"
    }
   ],
   "source": [
    "df"
   ]
  },
  {
   "cell_type": "code",
   "execution_count": 11,
   "id": "793d47eb-e048-4cc6-9944-5c4275f781af",
   "metadata": {},
   "outputs": [],
   "source": [
    "df['Quarter'] = df['Quarter'].replace({1:\"Q1\",2:\"Q2\",3:\"Q3\",4:\"Q4\"})"
   ]
  },
  {
   "cell_type": "code",
   "execution_count": 12,
   "id": "94240b44-6c05-4186-a879-f475dce865bf",
   "metadata": {},
   "outputs": [
    {
     "data": {
      "text/html": [
       "<div>\n",
       "<style scoped>\n",
       "    .dataframe tbody tr th:only-of-type {\n",
       "        vertical-align: middle;\n",
       "    }\n",
       "\n",
       "    .dataframe tbody tr th {\n",
       "        vertical-align: top;\n",
       "    }\n",
       "\n",
       "    .dataframe thead th {\n",
       "        text-align: right;\n",
       "    }\n",
       "</style>\n",
       "<table border=\"1\" class=\"dataframe\">\n",
       "  <thead>\n",
       "    <tr style=\"text-align: right;\">\n",
       "      <th></th>\n",
       "      <th>Date</th>\n",
       "      <th>Open</th>\n",
       "      <th>High</th>\n",
       "      <th>Low</th>\n",
       "      <th>Close</th>\n",
       "      <th>Adj Close</th>\n",
       "      <th>Volume</th>\n",
       "      <th>Day</th>\n",
       "      <th>Month</th>\n",
       "      <th>Year</th>\n",
       "      <th>Quarter</th>\n",
       "    </tr>\n",
       "  </thead>\n",
       "  <tbody>\n",
       "    <tr>\n",
       "      <th>1235</th>\n",
       "      <td>2024-03-15</td>\n",
       "      <td>166.000000</td>\n",
       "      <td>168.699997</td>\n",
       "      <td>153.600006</td>\n",
       "      <td>161.000000</td>\n",
       "      <td>161.000000</td>\n",
       "      <td>108719847</td>\n",
       "      <td>2024-03-15</td>\n",
       "      <td>3</td>\n",
       "      <td>2024</td>\n",
       "      <td>Q1</td>\n",
       "    </tr>\n",
       "    <tr>\n",
       "      <th>1234</th>\n",
       "      <td>2024-03-14</td>\n",
       "      <td>161.250000</td>\n",
       "      <td>171.399994</td>\n",
       "      <td>160.600006</td>\n",
       "      <td>170.350006</td>\n",
       "      <td>170.350006</td>\n",
       "      <td>25912125</td>\n",
       "      <td>2024-03-14</td>\n",
       "      <td>3</td>\n",
       "      <td>2024</td>\n",
       "      <td>Q1</td>\n",
       "    </tr>\n",
       "    <tr>\n",
       "      <th>1233</th>\n",
       "      <td>2024-03-13</td>\n",
       "      <td>173.000000</td>\n",
       "      <td>173.899994</td>\n",
       "      <td>161.750000</td>\n",
       "      <td>163.350006</td>\n",
       "      <td>163.350006</td>\n",
       "      <td>26725350</td>\n",
       "      <td>2024-03-13</td>\n",
       "      <td>3</td>\n",
       "      <td>2024</td>\n",
       "      <td>Q1</td>\n",
       "    </tr>\n",
       "    <tr>\n",
       "      <th>1232</th>\n",
       "      <td>2024-03-12</td>\n",
       "      <td>175.000000</td>\n",
       "      <td>175.899994</td>\n",
       "      <td>171.449997</td>\n",
       "      <td>172.899994</td>\n",
       "      <td>172.899994</td>\n",
       "      <td>20208400</td>\n",
       "      <td>2024-03-12</td>\n",
       "      <td>3</td>\n",
       "      <td>2024</td>\n",
       "      <td>Q1</td>\n",
       "    </tr>\n",
       "    <tr>\n",
       "      <th>1231</th>\n",
       "      <td>2024-03-11</td>\n",
       "      <td>173.949997</td>\n",
       "      <td>177.500000</td>\n",
       "      <td>172.100006</td>\n",
       "      <td>174.250000</td>\n",
       "      <td>174.250000</td>\n",
       "      <td>22843402</td>\n",
       "      <td>2024-03-11</td>\n",
       "      <td>3</td>\n",
       "      <td>2024</td>\n",
       "      <td>Q1</td>\n",
       "    </tr>\n",
       "    <tr>\n",
       "      <th>...</th>\n",
       "      <td>...</td>\n",
       "      <td>...</td>\n",
       "      <td>...</td>\n",
       "      <td>...</td>\n",
       "      <td>...</td>\n",
       "      <td>...</td>\n",
       "      <td>...</td>\n",
       "      <td>...</td>\n",
       "      <td>...</td>\n",
       "      <td>...</td>\n",
       "      <td>...</td>\n",
       "    </tr>\n",
       "    <tr>\n",
       "      <th>4</th>\n",
       "      <td>2019-03-22</td>\n",
       "      <td>105.866669</td>\n",
       "      <td>107.500000</td>\n",
       "      <td>103.400002</td>\n",
       "      <td>104.699997</td>\n",
       "      <td>72.343842</td>\n",
       "      <td>46517671</td>\n",
       "      <td>2019-03-22</td>\n",
       "      <td>3</td>\n",
       "      <td>2019</td>\n",
       "      <td>Q1</td>\n",
       "    </tr>\n",
       "    <tr>\n",
       "      <th>3</th>\n",
       "      <td>2019-03-20</td>\n",
       "      <td>108.500000</td>\n",
       "      <td>108.500000</td>\n",
       "      <td>103.800003</td>\n",
       "      <td>106.000000</td>\n",
       "      <td>73.242081</td>\n",
       "      <td>54100771</td>\n",
       "      <td>2019-03-20</td>\n",
       "      <td>3</td>\n",
       "      <td>2019</td>\n",
       "      <td>Q1</td>\n",
       "    </tr>\n",
       "    <tr>\n",
       "      <th>2</th>\n",
       "      <td>2019-03-19</td>\n",
       "      <td>110.666664</td>\n",
       "      <td>110.666664</td>\n",
       "      <td>107.833336</td>\n",
       "      <td>108.466667</td>\n",
       "      <td>74.946480</td>\n",
       "      <td>45605748</td>\n",
       "      <td>2019-03-19</td>\n",
       "      <td>3</td>\n",
       "      <td>2019</td>\n",
       "      <td>Q1</td>\n",
       "    </tr>\n",
       "    <tr>\n",
       "      <th>1</th>\n",
       "      <td>2019-03-18</td>\n",
       "      <td>106.633331</td>\n",
       "      <td>110.800003</td>\n",
       "      <td>105.233330</td>\n",
       "      <td>108.533333</td>\n",
       "      <td>74.992538</td>\n",
       "      <td>62223189</td>\n",
       "      <td>2019-03-18</td>\n",
       "      <td>3</td>\n",
       "      <td>2019</td>\n",
       "      <td>Q1</td>\n",
       "    </tr>\n",
       "    <tr>\n",
       "      <th>0</th>\n",
       "      <td>2019-03-15</td>\n",
       "      <td>101.800003</td>\n",
       "      <td>106.133331</td>\n",
       "      <td>100.466667</td>\n",
       "      <td>104.900002</td>\n",
       "      <td>72.482040</td>\n",
       "      <td>44451336</td>\n",
       "      <td>2019-03-15</td>\n",
       "      <td>3</td>\n",
       "      <td>2019</td>\n",
       "      <td>Q1</td>\n",
       "    </tr>\n",
       "  </tbody>\n",
       "</table>\n",
       "<p>1236 rows × 11 columns</p>\n",
       "</div>"
      ],
      "text/plain": [
       "           Date        Open        High         Low       Close   Adj Close  \\\n",
       "1235 2024-03-15  166.000000  168.699997  153.600006  161.000000  161.000000   \n",
       "1234 2024-03-14  161.250000  171.399994  160.600006  170.350006  170.350006   \n",
       "1233 2024-03-13  173.000000  173.899994  161.750000  163.350006  163.350006   \n",
       "1232 2024-03-12  175.000000  175.899994  171.449997  172.899994  172.899994   \n",
       "1231 2024-03-11  173.949997  177.500000  172.100006  174.250000  174.250000   \n",
       "...         ...         ...         ...         ...         ...         ...   \n",
       "4    2019-03-22  105.866669  107.500000  103.400002  104.699997   72.343842   \n",
       "3    2019-03-20  108.500000  108.500000  103.800003  106.000000   73.242081   \n",
       "2    2019-03-19  110.666664  110.666664  107.833336  108.466667   74.946480   \n",
       "1    2019-03-18  106.633331  110.800003  105.233330  108.533333   74.992538   \n",
       "0    2019-03-15  101.800003  106.133331  100.466667  104.900002   72.482040   \n",
       "\n",
       "         Volume         Day  Month  Year Quarter  \n",
       "1235  108719847  2024-03-15      3  2024      Q1  \n",
       "1234   25912125  2024-03-14      3  2024      Q1  \n",
       "1233   26725350  2024-03-13      3  2024      Q1  \n",
       "1232   20208400  2024-03-12      3  2024      Q1  \n",
       "1231   22843402  2024-03-11      3  2024      Q1  \n",
       "...         ...         ...    ...   ...     ...  \n",
       "4      46517671  2019-03-22      3  2019      Q1  \n",
       "3      54100771  2019-03-20      3  2019      Q1  \n",
       "2      45605748  2019-03-19      3  2019      Q1  \n",
       "1      62223189  2019-03-18      3  2019      Q1  \n",
       "0      44451336  2019-03-15      3  2019      Q1  \n",
       "\n",
       "[1236 rows x 11 columns]"
      ]
     },
     "execution_count": 12,
     "metadata": {},
     "output_type": "execute_result"
    }
   ],
   "source": [
    "df"
   ]
  },
  {
   "cell_type": "code",
   "execution_count": 13,
   "id": "bcb821db-4a57-4ccd-8fca-5a9ea26246f6",
   "metadata": {},
   "outputs": [],
   "source": [
    "df.to_csv(\"IOCL.csv\")"
   ]
  },
  {
   "cell_type": "code",
   "execution_count": 14,
   "id": "6291e8b0-5acf-458c-accc-87028347c29b",
   "metadata": {},
   "outputs": [],
   "source": [
    "df['Day'] = df['Date'].dt.day"
   ]
  },
  {
   "cell_type": "code",
   "execution_count": 15,
   "id": "e5094af1-a944-417b-ae63-b3e60ff19e17",
   "metadata": {},
   "outputs": [
    {
     "data": {
      "text/html": [
       "<div>\n",
       "<style scoped>\n",
       "    .dataframe tbody tr th:only-of-type {\n",
       "        vertical-align: middle;\n",
       "    }\n",
       "\n",
       "    .dataframe tbody tr th {\n",
       "        vertical-align: top;\n",
       "    }\n",
       "\n",
       "    .dataframe thead th {\n",
       "        text-align: right;\n",
       "    }\n",
       "</style>\n",
       "<table border=\"1\" class=\"dataframe\">\n",
       "  <thead>\n",
       "    <tr style=\"text-align: right;\">\n",
       "      <th></th>\n",
       "      <th>Date</th>\n",
       "      <th>Open</th>\n",
       "      <th>High</th>\n",
       "      <th>Low</th>\n",
       "      <th>Close</th>\n",
       "      <th>Adj Close</th>\n",
       "      <th>Volume</th>\n",
       "      <th>Day</th>\n",
       "      <th>Month</th>\n",
       "      <th>Year</th>\n",
       "      <th>Quarter</th>\n",
       "    </tr>\n",
       "  </thead>\n",
       "  <tbody>\n",
       "    <tr>\n",
       "      <th>1235</th>\n",
       "      <td>2024-03-15</td>\n",
       "      <td>166.000000</td>\n",
       "      <td>168.699997</td>\n",
       "      <td>153.600006</td>\n",
       "      <td>161.000000</td>\n",
       "      <td>161.000000</td>\n",
       "      <td>108719847</td>\n",
       "      <td>15</td>\n",
       "      <td>3</td>\n",
       "      <td>2024</td>\n",
       "      <td>Q1</td>\n",
       "    </tr>\n",
       "    <tr>\n",
       "      <th>1234</th>\n",
       "      <td>2024-03-14</td>\n",
       "      <td>161.250000</td>\n",
       "      <td>171.399994</td>\n",
       "      <td>160.600006</td>\n",
       "      <td>170.350006</td>\n",
       "      <td>170.350006</td>\n",
       "      <td>25912125</td>\n",
       "      <td>14</td>\n",
       "      <td>3</td>\n",
       "      <td>2024</td>\n",
       "      <td>Q1</td>\n",
       "    </tr>\n",
       "    <tr>\n",
       "      <th>1233</th>\n",
       "      <td>2024-03-13</td>\n",
       "      <td>173.000000</td>\n",
       "      <td>173.899994</td>\n",
       "      <td>161.750000</td>\n",
       "      <td>163.350006</td>\n",
       "      <td>163.350006</td>\n",
       "      <td>26725350</td>\n",
       "      <td>13</td>\n",
       "      <td>3</td>\n",
       "      <td>2024</td>\n",
       "      <td>Q1</td>\n",
       "    </tr>\n",
       "    <tr>\n",
       "      <th>1232</th>\n",
       "      <td>2024-03-12</td>\n",
       "      <td>175.000000</td>\n",
       "      <td>175.899994</td>\n",
       "      <td>171.449997</td>\n",
       "      <td>172.899994</td>\n",
       "      <td>172.899994</td>\n",
       "      <td>20208400</td>\n",
       "      <td>12</td>\n",
       "      <td>3</td>\n",
       "      <td>2024</td>\n",
       "      <td>Q1</td>\n",
       "    </tr>\n",
       "    <tr>\n",
       "      <th>1231</th>\n",
       "      <td>2024-03-11</td>\n",
       "      <td>173.949997</td>\n",
       "      <td>177.500000</td>\n",
       "      <td>172.100006</td>\n",
       "      <td>174.250000</td>\n",
       "      <td>174.250000</td>\n",
       "      <td>22843402</td>\n",
       "      <td>11</td>\n",
       "      <td>3</td>\n",
       "      <td>2024</td>\n",
       "      <td>Q1</td>\n",
       "    </tr>\n",
       "    <tr>\n",
       "      <th>...</th>\n",
       "      <td>...</td>\n",
       "      <td>...</td>\n",
       "      <td>...</td>\n",
       "      <td>...</td>\n",
       "      <td>...</td>\n",
       "      <td>...</td>\n",
       "      <td>...</td>\n",
       "      <td>...</td>\n",
       "      <td>...</td>\n",
       "      <td>...</td>\n",
       "      <td>...</td>\n",
       "    </tr>\n",
       "    <tr>\n",
       "      <th>4</th>\n",
       "      <td>2019-03-22</td>\n",
       "      <td>105.866669</td>\n",
       "      <td>107.500000</td>\n",
       "      <td>103.400002</td>\n",
       "      <td>104.699997</td>\n",
       "      <td>72.343842</td>\n",
       "      <td>46517671</td>\n",
       "      <td>22</td>\n",
       "      <td>3</td>\n",
       "      <td>2019</td>\n",
       "      <td>Q1</td>\n",
       "    </tr>\n",
       "    <tr>\n",
       "      <th>3</th>\n",
       "      <td>2019-03-20</td>\n",
       "      <td>108.500000</td>\n",
       "      <td>108.500000</td>\n",
       "      <td>103.800003</td>\n",
       "      <td>106.000000</td>\n",
       "      <td>73.242081</td>\n",
       "      <td>54100771</td>\n",
       "      <td>20</td>\n",
       "      <td>3</td>\n",
       "      <td>2019</td>\n",
       "      <td>Q1</td>\n",
       "    </tr>\n",
       "    <tr>\n",
       "      <th>2</th>\n",
       "      <td>2019-03-19</td>\n",
       "      <td>110.666664</td>\n",
       "      <td>110.666664</td>\n",
       "      <td>107.833336</td>\n",
       "      <td>108.466667</td>\n",
       "      <td>74.946480</td>\n",
       "      <td>45605748</td>\n",
       "      <td>19</td>\n",
       "      <td>3</td>\n",
       "      <td>2019</td>\n",
       "      <td>Q1</td>\n",
       "    </tr>\n",
       "    <tr>\n",
       "      <th>1</th>\n",
       "      <td>2019-03-18</td>\n",
       "      <td>106.633331</td>\n",
       "      <td>110.800003</td>\n",
       "      <td>105.233330</td>\n",
       "      <td>108.533333</td>\n",
       "      <td>74.992538</td>\n",
       "      <td>62223189</td>\n",
       "      <td>18</td>\n",
       "      <td>3</td>\n",
       "      <td>2019</td>\n",
       "      <td>Q1</td>\n",
       "    </tr>\n",
       "    <tr>\n",
       "      <th>0</th>\n",
       "      <td>2019-03-15</td>\n",
       "      <td>101.800003</td>\n",
       "      <td>106.133331</td>\n",
       "      <td>100.466667</td>\n",
       "      <td>104.900002</td>\n",
       "      <td>72.482040</td>\n",
       "      <td>44451336</td>\n",
       "      <td>15</td>\n",
       "      <td>3</td>\n",
       "      <td>2019</td>\n",
       "      <td>Q1</td>\n",
       "    </tr>\n",
       "  </tbody>\n",
       "</table>\n",
       "<p>1236 rows × 11 columns</p>\n",
       "</div>"
      ],
      "text/plain": [
       "           Date        Open        High         Low       Close   Adj Close  \\\n",
       "1235 2024-03-15  166.000000  168.699997  153.600006  161.000000  161.000000   \n",
       "1234 2024-03-14  161.250000  171.399994  160.600006  170.350006  170.350006   \n",
       "1233 2024-03-13  173.000000  173.899994  161.750000  163.350006  163.350006   \n",
       "1232 2024-03-12  175.000000  175.899994  171.449997  172.899994  172.899994   \n",
       "1231 2024-03-11  173.949997  177.500000  172.100006  174.250000  174.250000   \n",
       "...         ...         ...         ...         ...         ...         ...   \n",
       "4    2019-03-22  105.866669  107.500000  103.400002  104.699997   72.343842   \n",
       "3    2019-03-20  108.500000  108.500000  103.800003  106.000000   73.242081   \n",
       "2    2019-03-19  110.666664  110.666664  107.833336  108.466667   74.946480   \n",
       "1    2019-03-18  106.633331  110.800003  105.233330  108.533333   74.992538   \n",
       "0    2019-03-15  101.800003  106.133331  100.466667  104.900002   72.482040   \n",
       "\n",
       "         Volume  Day  Month  Year Quarter  \n",
       "1235  108719847   15      3  2024      Q1  \n",
       "1234   25912125   14      3  2024      Q1  \n",
       "1233   26725350   13      3  2024      Q1  \n",
       "1232   20208400   12      3  2024      Q1  \n",
       "1231   22843402   11      3  2024      Q1  \n",
